train_entrega <- list()
train_entrega$future <- c(202108)
train_entrega$undersampling <- 0.05

train_entrega$meses <- c(
  201901, 201902, 201903, 201904, 201905, 201906,
  201907, 201908, 201909, 201910, 201911, 201912,
  202001, 202002, 202003, 202001, 202002, 202003,
  202007, 202008, 202009, 202010, 202011, 202012,
  202101, 202102, 202103, 202104, 202105, 202106
)

train_entrega$training <- c(
  201901, 201902, 201903, 201904, 201905, 201906,
  201907, 201908, 201909, 201910, 201911, 201912,
  202001, 202002, 202003, 202001, 202002, 202003,
  202007, 202008, 202009, 202010, 202011, 202012,
  202101, 202102, 202103, 202104, 202105, 202106
)